50
100
1
64
194149
27123764
54868700
18188055
10135926
5970040
2806756
1407791
959527
552092
308789
167715
89453
48492
26292
14705
8293
4788
2247
1217
583
267
119
61
46
25
16
13
1
5
1
3
1
1
1
0
0
0
0
1
0
0
0
0
0
0
0
0
0
5
632
304248
29637921
59847048
21181824
8334603
2491738
731055
218868
77316
32097
14129
5577
1929
578
212
66
29
15
24
21
12
16
13
9
6
2
2
0
1
1
1
0
1
0
0
0
0
1
0
0
0
0
0
0
0
0
0
0
0
65
6903
226006
26895133
54379966
14624619
6083730
6314855
5817977
2818370
1969335
1446798
861727
552605
349969
190392
116302
70060
47457
31353
22707
16637
11900
9122
6393
4237
2635
1419
643
288
173
84
62
32
12
15
11
4
2
1
0
0
0
0
1
0
0
0
0
0
0
