50
1000
2
777
1700353
231991793
546925073
192597031
110105160
67816469
33039376
16766377
11796862
7186349
4089640
2218430
1161877
612056
331774
194070
115465
68712
40083
22145
11423
4838
1752
704
375
221
139
132
114
116
95
71
49
31
22
20
9
3
1
2
0
1
1
0
0
0
0
0
7
68
7564
3064743
265154265
609041350
224542732
86975702
27678290
8419144
2500544
848410
335460
144071
56907
19690
6226
2156
847
411
226
142
108
116
101
122
131
125
95
88
71
44
20
4
8
3
3
2
0
2
0
0
1
1
0
0
0
0
0
0
0
7
789
60626
1996296
230952392
555424578
167295926
63248034
60492622
58897658
30569205
20132966
15044981
9344263
5985588
3728744
2065244
1197927
724060
486216
330786
241685
180568
128102
95624
69395
47465
28522
15267
7633
3258
1734
806
411
230
140
103
66
36
27
6
2
7
1
1
1
0
0
2
0
0
7
