50
752
74
2470
1762310
284739665
317014561
128746208
79120248
47157265
24358568
16494256
11255306
6022998
3337302
1790027
929052
525140
315589
192344
120008
74468
45092
26130
13914
6691
3136
1714
913
521
297
192
146
126
109
102
132
108
97
96
84
55
31
16
23
8
4
3
0
1
0
0
0
359
30914
5892782
330857697
379624802
136824457
46352541
15831184
5617617
1919286
665800
257175
107135
44415
17500
6530
2722
1323
812
566
385
296
182
93
75
71
67
99
124
134
112
107
87
70
31
27
17
1
3
0
1
1
0
0
0
0
0
0
0
0
0
371
25873
1705819
288115799
355014678
139544425
60884131
32983645
19432064
11287630
5903794
3438620
2111706
1395933
878454
525866
323669
200282
119235
71511
41255
23107
13067
7236
4029
2253
1147
558
303
197
155
139
140
139
114
82
58
41
35
20
8
8
4
0
0
0
0
0
0
0
0
