50
100
5
183
220544
30521231
46920697
17926769
10656603
6443581
3418290
2245770
1866679
1166142
676167
343856
178931
107251
66077
43194
29196
19301
12063
7700
4468
2422
1323
683
405
219
103
50
18
21
18
10
13
9
2
4
1
0
1
0
0
0
0
0
0
0
0
0
0
3
2710
653611
36007397
55229129
20003619
7184104
2479621
866660
289658
99148
38201
15644
6442
2511
845
352
146
53
25
7
7
10
15
13
13
16
15
10
7
4
2
0
1
0
0
0
0
1
0
0
0
0
0
0
0
0
0
0
0
0
15
989
214139
30880635
51578812
20303021
9133416
5060115
2554884
1372361
726444
421164
254537
151856
90576
54874
34565
21428
12867
6863
3427
1495
756
375
169
88
38
25
19
13
8
10
8
5
1
0
1
0
0
0
0
1
0
0
0
0
0
0
0
0
0
