50
1000
12
837
1745102
256984166
535078619
190912428
106625531
64102376
31424300
16056730
10934998
6571472
3796452
2083118
1106079
592910
324479
193021
115628
68925
40294
22217
11598
4734
1786
719
330
203
164
136
133
127
92
96
65
58
36
17
3
3
2
1
0
1
0
0
0
2
0
0
0
78
8351
3047461
286547449
591955303
221703746
86148466
27248384
8304804
2470421
832110
319847
133230
51909
17612
5900
2073
902
417
247
152
90
91
112
141
142
133
113
110
71
65
34
13
4
7
3
3
1
2
1
0
2
0
0
0
0
0
0
0
0
0
791
74440
2069269
255351190
536842867
160514405
62802920
62499115
58098843
29699618
20357484
15452304
9579405
6043044
3711321
2062274
1214515
749292
497450
337051
247700
185528
132026
98939
70464
46969
29545
16137
7588
3616
1762
895
493
260
183
109
86
43
17
19
6
4
6
4
2
0
1
0
0
0
0
