255
1000
44
1197
1383289
172036902
505233225
222056322
124625076
79293468
44673622
28525885
21681175
12908496
7316579
3962973
2038169
1171470
725895
442147
278484
175681
111727
69325
41248
22535
11710
5909
3079
1518
832
435
266
232
183
171
126
120
82
67
56
32
16
8
7
4
2
0
4
3
5
6
2
0
4
2
3
1
0
2
5
2
1
1
1
2
1
0
1
2
2
3
3
0
0
1
0
4
0
1
1
2
3
1
1
1
2
0
2
1
1
1
1
1
0
2
0
2
1
1
3
3
4
1
1
2
0
0
1
1
2
0
1
1
2
1
0
2
1
2
3
2
1
1
1
0
1
0
1
1
2
1
4
1
3
1
1
0
0
2
1
1
0
3
1
2
1
2
0
0
1
0
0
0
0
0
1
1
1
2
0
0
1
0
1
1
0
5
0
2
1
1
0
1
0
1
2
0
0
1
1
1
3
1
0
1
0
1
1
0
1
0
2
1
0
0
1
0
0
0
1
1
0
2
0
0
1
0
0
0
0
0
0
0
1
0
0
0
0
0
1
0
0
0
0
0
0
0
0
0
0
0
0
0
0
1
0
0
0
0
0
1
0
0
0
0
0
0
1
1
0
0
0
0
0
0
4
8
129
16204
4239644
222876680
598900400
259048925
90911034
33759621
12261148
4278910
1496217
583993
247373
105768
43262
17292
6729
2712
1276
595
322
170
108
99
103
124
150
169
159
153
108
90
42
31
10
9
7
13
5
3
1
5
2
2
5
2
3
3
6
1
2
2
2
3
3
2
2
1
4
1
0
1
0
3
0
1
3
1
1
2
2
2
0
3
1
0
1
0
3
1
3
0
2
0
1
0
1
3
1
1
0
2
2
1
0
2
1
1
3
4
3
1
1
1
0
0
3
0
0
0
1
1
2
1
1
2
0
0
1
1
2
2
0
1
0
0
1
0
3
1
4
0
1
2
0
1
1
3
0
2
1
2
3
0
0
1
0
1
0
0
0
0
0
0
0
3
1
1
1
0
1
2
1
2
1
3
0
3
2
0
0
2
0
0
0
1
2
1
1
0
0
3
0
0
0
0
1
0
1
1
0
0
0
0
1
0
0
0
1
0
0
2
0
0
1
0
0
0
0
0
0
0
1
0
0
0
1
0
0
0
0
0
1
0
0
0
0
0
1
0
0
0
0
1
0
0
0
0
0
1
0
0
0
0
0
0
1
1
0
1
0
0
0
1
4
4
178
8327
1364568
174233992
549747866
259189152
110508081
60915986
31939851
17407492
9531527
5445161
3332267
2074011
1231014
733028
454593
287170
175225
101165
56752
30560
15271
8047
3960
1859
943
469
265
210
186
159
154
101
72
44
24
16
10
12
7
5
4
2
3
3
4
4
2
3
3
1
4
5
5
2
1
0
2
1
2
0
2
2
1
1
1
2
1
0
1
3
4
3
2
1
0
2
0
2
4
2
0
2
1
0
2
1
2
2
1
0
0
1
1
1
2
0
4
3
2
1
1
2
2
1
0
0
2
0
0
4
2
1
1
0
0
1
1
1
1
2
0
1
0
0
1
0
1
2
2
2
3
1
1
1
1
2
1
0
2
1
3
0
0
1
1
1
0
0
0
0
1
1
0
1
1
1
1
0
1
0
3
0
2
1
2
2
2
3
0
0
1
1
0
0
1
2
0
2
1
1
1
1
0
0
1
0
1
0
1
0
0
0
1
0
0
0
0
0
2
1
0
0
1
0
0
0
0
0
0
0
1
0
0
0
0
1
0
0
0
0
0
0
0
0
0
0
0
0
0
0
0
2
0
0
0
0
0
2
0
0
0
0
0
0
1
1
0
0
0
0
0
1
4
5
