50
100
-5
-95
-43406
-6649138
8254965
1042710
90015
143796
-251303
-655691
-758486
-500434
-299602
-138009
-71821
-51081
-35170
-24730
-18187
-12910
-8286
-5466
-3305
-1903
-1155
-607
-359
-192
-85
-27
-1
-5
-2
-4
-11
-8
-1
-2
-1
0
-1
0
0
0
0
0
0
0
0
1
2
-1
-1953
-349252
-9110236
5714284
2172366
1487918
225143
-61468
-50637
-17089
-5514
-1422
-947
-683
-228
-147
-72
-40
-16
1
-3
-3
-9
1
15
-1
-9
-2
2
1
0
0
-1
0
0
0
0
-1
0
0
0
0
0
0
0
0
0
0
1
2
65
5308
-5212
-7150577
3949590
-4308127
-2888681
1144902
3428164
1664092
1301047
1070868
656404
429057
275841
145793
85332
53451
36936
27615
21571
16935
12681
9586
6905
4705
2977
1547
628
263
145
89
55
13
17
9
0
1
0
1
1
-1
1
0
0
0
0
0
0
0
3
