50
100
0
88
177138
23872093
55175662
18969479
10746618
6587377
3166987
1590079
1108193
665708
376565
205847
107110
56170
30907
18464
11009
6391
3777
2234
1163
519
168
76
46
27
18
23
17
16
16
6
2
1
1
2
0
0
0
0
0
0
0
0
0
0
0
1
2
2
757
304359
26897161
60943413
22175985
8672022
2704764
805192
239021
82059
32687
14222
5495
1828
617
205
74
13
9
8
4
7
6
14
28
15
6
8
9
5
2
0
0
0
0
0
0
0
0
0
0
0
0
0
0
0
0
0
1
2
80
6297
208927
23730058
55528402
15994894
6244735
6205017
5983048
3036453
2027491
1492032
910941
580913
366417
200667
119897
74879
49803
34478
24998
18430
13437
9961
7074
4793
3015
1572
647
276
153
99
63
18
18
9
1
1
0
1
1
0
1
0
0
0
0
0
0
0
3
