50
100
3
16
200838
28441795
60344574
15470070
8579943
5247750
2532712
1072420
473389
228936
124797
71184
42011
24191
12759
6586
3356
1533
632
265
117
51
23
18
8
9
7
5
1
0
0
0
0
0
0
1
0
0
0
0
0
0
0
0
0
0
0
0
0
2
204
234180
29059151
62336778
18209746
8698612
2998031
893964
280062
99084
40462
18235
7620
2652
783
214
77
33
20
17
16
14
16
7
6
6
3
4
0
0
0
0
0
0
1
0
0
0
0
0
0
0
0
0
0
0
0
0
0
0
64
8835
250835
28029840
56102874
10162028
7430047
7104727
6249899
3118212
1650392
1061196
628291
406625
250475
137891
95024
61038
42680
29408
18821
14133
9428
6583
4441
3032
1792
878
308
135
37
21
5
2
0
1
0
1
1
0
0
0
0
0
0
0
0
0
0
0
0
